1
305
298
181
108
105
250
222
310
184
221
302
248
255
244
341
243
254
245
183
160
244
251
267
266
252
330
243
201
227
232
177
149
263
243
160
99
98
98
98
99
97
121
91
69
58
57
58
57
57
57
57
57
56
57
56
57
57
57
56
57
57
57
57
56
56
57
56
56
57
57
56
57
57
57
56
57
57
57
56
57
56
57
57
57
57
57
56
57
57
57
56
57
56
57
57
57
56
57
56
57
2
57
57
56
56
57
57
57
56
103
59
58
57
57
57
57
57
58
57
57
57
56
57
57
56
56
57
56
56
57
57
56
56
57
56
57
56
56
57
57
56
58
56
57
57
57
57
57
56
57
57
57
57
57
56
57
56
57
56
57
56
56
57
58
56
57
57
56
57
57
56
57
56
57
56
57
92
59
57
57
58
57
57
57
56
57
57
56
56
57
56
58
58
57
57
57
57
57
57
56
57
4
57
57
57
59
58
57
57
57
57
57
57
57
57
59
57
57
56
57
57
57
56
57
57
57
57
57
56
57
57
57
57
57
57
57
58
57
57
57
56
58
57
60
60
60
57
58
57
57
58
57
57
58
57
57
57
59
58
57
57
57
56
58
57
57
57
57
57
56
56
57
57
56
57
57
57
57
57
57
58
56
57
57
57
57
57
57
58
57
57
57
57
56
56
57
57
57
57
56
57
57
8
57
57
57
57
57
58
57
56
57
57
65
59
58
57
58
57
57
57
57
57
57
57
57
57
56
57
57
57
57
57
57
56
57
57
57
57
56
56
57
57
57
57
59
57
57
60
58
57
57
56
57
57
56
57
57
57
56
57
57
57
57
57
57
57
57
58
57
57
57
56
56
57
57
57
57
57
57
58
87
60
58
57
58
57
57
57
57
57
57
57
57
57
57
57
56
58
57
57
57
56
16
68
59
56
57
57
57
57
57
56
57
57
57
57
58
57
57
57
57
57
57
58
60
58
57
57
58
57
57
57
57
58
58
57
58
57
57
58
57
57
57
57
57
57
58
57
74
59
57
58
57
57
58
57
57
57
58
57
58
58
57
57
58
57
57
59
58
57
57
57
57
58
58
57
57
57
57
57
57
57
57
57
57
58
57
57
58
57
57
58
57
57
57
56
57
57
57
57
57
58
58
32
59
58
57
58
57
58
57
57
56
57
56
59
58
61
60
58
56
58
57
57
57
57
57
56
57
57
57
57
57
56
56
57
56
57
57
60
57
57
56
57
57
57
56
56
57
58
56
57
58
57
57
57
57
58
57
57
57
57
58
56
57
56
56
56
56
57
58
57
57
57
57
57
57
56
57
57
56
56
56
57
60
62
58
57
57
57
57
57
56
56
57
57
57
57
57
56
57
56
57
57
64
58
57
57
57
57
57
57
57
57
57
57
56
56
60
58
56
57
57
56
57
57
57
57
57
57
57
57
57
56
56
57
57
57
57
56
57
57
57
57
57
56
57
57
57
57
57
57
57
76
60
59
56
56
57
57
57
57
57
56
57
57
57
57
57
57
61
57
57
57
56
56
57
56
57
57
57
56
57
57
57
57
57
57
57
57
57
58
57
57
57
57
57
57
57
57
57
56
57
57
56
128
60
60
58
57
57
58
58
58
57
61
59
58
58
58
58
58
58
59
57
58
57
57
57
57
57
58
57
57
57
57
57
57
57
57
58
57
57
61
58
57
57
57
57
57
57
58
57
57
58
57
57
57
58
58
58
57
58
58
57
57
57
58
57
57
57
58
62
61
58
58
58
57
58
58
58
58
58
58
58
58
58
57
58
66
61
58
57
57
58
57
58
57
57
58
59
57
57
58
57
57
256
62
58
58
58
57
58
58
57
57
58
57
57
60
57
58
58
57
57
58
57
57
58
58
57
58
58
59
60
58
57
58
57
57
58
57
58
57
57
57
57
57
57
60
58
58
58
57
57
58
57
57
60
58
57
58
58
57
61
58
57
58
57
57
58
57
59
57
57
57
57
58
57
60
58
58
58
57
58
58
58
57
58
57
57
58
58
58
63
59
58
58
57
57
58
58
57
58
58
57
58
512
63
66
61
59
60
61
60
60
60
66
61
60
63
60
59
59
161
64
64
61
167
251
261
249
251
249
264
246
244
181
104
102
106
103
104
103
103
95
66
51
54
51
51
50
50
50
97
56
51
51
50
50
50
50
50
53
50
50
50
50
50
50
50
52
50
50
50
50
49
50
49
52
50
50
51
50
50
49
52
50
50
50
50
50
50
50
52
50
49
49
49
49
49
49
52
50
50
50
50
50
1024
78
73
68
65
64
62
66
66
61
67
60
64
62
64
65
64
61
72
64
64
62
64
63
66
66
64
64
61
64
64
63
65
65
64
63
61
61
64
63
64
61
64
63
61
66
64
63
63
64
64
64
64
64
63
64
63
65
64
64
64
65
64
64
64
65
64
63
63
62
65
63
63
65
64
63
61
60
63
133
90
93
92
93
101
63
88
63
62
64
64
63
61
63
63
62
64
63
64
63
64
2048
69
66
98
94
67
64
67
69
67
68
68
65
67
65
67
68
65
65
67
65
64
64
67
117
65
65
68
65
68
65
67
64
70
74
61
62
58
63
59
61
60
63
59
62
58
61
59
61
60
62
66
65
68
75
68
68
67
65
67
65
67
65
67
64
67
68
67
68
68
65
65
68
67
68
67
68
67
65
67
69
67
68
67
67
67
68
67
67
68
68
67
68
91
63
62
63
60
62
59
63
4096
84
75
73
74
76
78
77
77
77
83
77
77
77
74
73
73
73
73
73
73
73
73
78
73
73
77
73
73
72
73
72
72
72
73
72
76
77
76
77
76
82
77
77
73
73
155
72
70
70
70
72
75
74
73
74
73
73
73
74
74
127
73
73
73
77
74
79
77
77
73
76
83
77
76
73
73
72
73
73
75
78
74
205
73
74
73
73
72
72
73
73
73
72
73
177
81
75
75
120
80
8192
113
100
105
99
181
125
95
96
93
92
94
91
90
94
119
95
92
93
93
102
93
185
95
92
98
98
97
97
99
132
92
92
109
94
92
86
86
96
94
215
97
96
92
93
94
91
91
145
98
92
95
92
93
91
92
92
93
93
98
98
92
92
91
98
91
93
96
93
92
92
91
92
129
90
92
90
93
98
95
93
93
96
92
94
98
92
93
93
97
93
91
91
92
95
93
93
91
95
92
91
16384
151
130
128
128
139
128
127
130
128
130
133
120
119
118
118
131
128
128
127
127
138
125
132
128
128
128
127
137
128
128
131
127
127
126
126
136
128
127
131
125
139
122
118
132
119
118
123
119
128
128
124
138
127
130
127
127
127
125
136
128
127
127
127
124
128
127
138
128
125
127
128
138
129
124
137
128
127
127
124
128
128
124
138
128
128
125
128
124
127
139
128
127
131
128
128
124
124
125
128
128
