46
59
48
47
48
47
62
47
46
46
48
46
49
47
46
48
47
47
50
46
49
47
47
46
48
46
47
46
47
46
47
46
48
46
46
46
46
46
46
46
46
47
46
49
46
47
46
48
47
49
46
48
46
46
48
48
47
47
46
47
49
47
46
46
46
47
48
48
47
46
49
46
46
48
47
47
46
46
48
47
48
47
46
48
46
47
47
50
67
46
46
46
46
47
47
46
46
47
47
46
47
46
47
49
48
50
49
48
47
46
49
47
46
47
46
47
49
57
46
47
47
47
46
50
46
46
47
46
46
47
47
48
46
46
50
46
46
46
47
47
50
46
46
46
47
48
49
46
51
45
47
49
47
46
47
46
48
46
46
48
47
46
46
47
47
47
46
47
47
46
46
46
46
46
48
48
46
46
47
47
46
46
46
47
46
48
47
48
46
50
46
47
47
50
48
48
48
50
46
49
48
47
48
46
47
48
46
47
49
48
46
46
47
46
46
47
46
48
47
50
46
47
47
49
46
48
46
47
46
47
46
47
46
46
49
47
46
48
46
46
47
48
49
49
47
48
46
46
47
47
49
47
47
47
46
47
46
56
47
48
47
47
46
48
50
47
46
48
47
47
47
47
46
47
47
47
46
46
46
46
46
46
46
50
46
45
46
48
47
47
46
48
46
47
46
47
46
48
48
47
47
46
46
47
46
47
49
47
46
47
47
48
46
48
47
46
47
47
46
46
47
48
46
46
46
47
47
48
47
46
47
47
46
47
49
46
49
46
49
46
47
47
47
47
46
46
47
46
46
47
46
47
47
47
46
47
49
46
49
48
47
46
46
46
47
46
46
48
49
47
46
47
47
47
48
47
46
47
46
47
48
46
50
47
46
49
47
46
46
48
46
46
49
48
47
46
46
47
46
46
47
48
47
48
47
46
47
46
50
46
49
48
48
47
46
47
47
49
47
46
47
46
46
47
47
46
47
47
47
50
47
46
48
46
48
47
46
47
46
47
47
47
48
48
48
47
48
46
48
46
46
47
47
46
48
47
47
48
47
48
48
46
46
47
47
47
46
49
46
46
46
48
48
48
50
47
48
49
46
46
47
47
47
47
47
48
47
48
47
47
48
47
48
47
46
51
46
47
47
47
47
47
46
50
47
47
47
47
47
48
47
47
48
47
47
48
49
48
47
47
48
50
50
48
46
47
50
48
47
48
50
48
49
47
48
49
48
46
49
49
47
47
47
47
47
46
48
47
46
46
47
47
48
47
48
45
46
46
47
46
47
47
49
48
47
48
46
47
47
47
47
47
46
47
46
47
48
100
47
48
47
47
47
46
47
47
46
48
47
50
47
47
47
49
50
48
49
47
50
47
47
46
47
50
50
47
48
49
47
47
47
47
48
47
47
49
48
46
47
46
46
47
46
47
46
49
47
46
50
47
49
47
47
47
47
47
47
46
47
47
48
47
47
47
48
47
48
48
46
46
48
46
50
47
47
46
47
47
46
50
47
47
47
47
46
48
47
47
47
48
47
48
47
47
50
46
47
47
46
47
47
49
47
47
47
48
49
47
47
47
49
46
47
46
47
48
47
46
47
47
47
47
48
47
50
46
47
47
47
47
47
48
47
48
48
47
46
47
47
47
46
47
48
48
49
47
50
47
47
47
46
48
47
50
47
48
47
48
47
47
48
47
47
47
48
48
47
47
46
47
68
47
49
46
47
48
47
47
47
46
47
48
47
46
47
48
48
47
46
46
49
112
48
46
48
49
47
47
48
47
47
47
47
47
49
47
47
47
47
47
47
47
47
47
49
47
47
47
48
46
50
47
47
50
48
50
48
47
47
48
47
47
49
50
48
47
48
47
50
49
55
48
48
50
47
47
48
48
47
47
47
48
47
41
49
50
49
50
47
48
48
49
47
47
48
48
49
48
49
47
48
50
47
47
47
48
48
48
48
47
50
47
48
47
48
48
48
48
47
51
47
47
47
48
51
50
48
49
49
48
48
48
47
47
47
48
47
47
48
48
47
49
47
47
50
49
47
48
50
47
53
52
52
51
49
49
50
49
52
80
49
50
49
52
52
49
49
50
49
49
49
49
49
52
49
50
50
51
49
53
50
50
48
50
49
49
55
51
49
49
50
51
50
50
49
51
52
59
49
49
52
49
49
52
50
50
50
49
77
49
50
49
49
49
81
49
49
50
49
53
50
49
49
50
49
49
50
49
48
49
49
50
51
50
51
50
51
49
52
49
50
48
49
49
50
49
53
50
50
52
54
53
53
53
55
54
52
54
52
53
60
53
53
53
54
51
53
53
53
53
53
54
51
53
52
54
55
53
56
55
53
55
51
53
61
54
53
58
53
53
54
52
53
54
53
54
52
53
52
53
51
53
54
53
58
56
52
53
54
53
53
55
53
53
56
51
53
54
54
54
54
51
53
55
54
56
54
52
53
52
51
53
52
56
54
53
54
53
53
51
53
53
53
53
51
53
52
53
52
51
59
58
57
56
58
58
58
56
56
56
58
58
57
56
56
57
56
58
58
58
59
58
56
58
61
58
59
56
58
57
55
58
56
59
56
58
57
58
60
58
59
56
58
56
58
56
60
56
56
57
56
58
56
56
58
58
56
58
58
57
56
58
57
57
57
57
57
58
58
59
57
57
56
56
56
57
58
58
60
55
59
56
58
58
58
56
57
56
57
67
58
58
61
56
59
58
58
57
56
58
67
67
66
67
67
68
66
66
66
66
66
65
66
65
68
66
66
66
66
65
67
66
67
66
67
66
67
67
67
66
66
67
67
67
109
67
67
66
67
67
67
67
68
66
66
67
67
66
84
70
67
77
67
68
66
70
69
68
69
67
65
68
67
66
67
67
69
69
67
67
75
68
67
67
66
66
67
68
66
65
67
70
68
66
67
67
70
65
67
66
68
66
66
66
66
66
65
68
67
66
84
84
86
84
85
85
84
85
85
85
83
84
85
84
96
85
85
83
86
83
85
85
83
84
85
86
84
99
83
84
97
85
85
85
83
211
84
83
83
83
83
83
84
93
84
85
85
87
83
84
82
84
84
83
84
112
84
83
83
84
83
84
84
85
83
86
83
82
84
84
85
88
86
85
84
86
94
85
85
84
85
86
85
82
84
86
85
84
85
85
83
85
85
83
85
85
83
84
85
86
135
140
124
135
138
125
128
134
141
133
132
133
140
137
134
124
135
139
133
127
133
133
139
134
134
124
125
132
132
122
125
126
125
124
123
123
134
135
160
134
137
132
124
135
136
130
124
124
130
121
133
125
132
148
134
124
129
122
137
134
125
125
132
132
133
142
134
124
133
133
124
136
142
143
132
123
135
125
140
133
134
133
140
132
133
133
142
134
136
136
138
132
134
138
141
133
132
123
134
135
